0.000002
0.000005
0.000008
0.000011
0.000015
0.000019
0.000022
0.000026
0.000029
0.000032
0.000036
0.000040
0.000043
0.000047
0.000050
0.000053
0.000056
0.000060
0.000064
0.000067
0.000071
0.000074
0.000077
0.000082
0.000084
0.000088
0.000092
0.000095
0.000106
0.000101
0.000105
0.000108
0.000112
0.000116
0.000120
0.000123
0.000126
0.000129
0.000133
0.000136
0.000140
0.000144
0.000146
0.000150
0.000154
0.000157
0.000160
0.000164
0.000174
0.000171
0.000175
0.000178
0.000182
0.000185
0.000188
0.000204
0.000195
0.000199
0.000202
0.000206
0.000209
0.000213
0.000216
0.000226
0.000223
0.000236
0.000230
0.000234
0.000236
0.000250
0.000243
0.000247
0.000251
0.000254
0.000257
0.000261
0.000265
0.000268
0.000271
0.000275
0.000278
0.000281
0.000285
0.000289
0.000299
0.000296
0.000299
0.000303
0.000310
0.000309
0.000332
0.000316
0.000329
0.000323
0.000327
0.000331
0.000333
0.000337
0.000341
0.000348
