0.000002
0.000001
0.000002
0.000001
0.000002
0.000001
0.000001
0.000002
0.000001
0.000002
0.000002
0.000002
0.000002
0.000001
0.000002
0.000001
0.000001
0.000002
0.000001
0.000001
0.000002
0.000002
0.000002
0.000001
0.000002
0.000001
0.000002
0.000001
0.000002
0.000002
0.000001
0.000001
0.000002
0.000002
0.000002
0.000002
0.000001
0.000001
0.000002
0.000002
0.000002
0.000002
0.000002
0.000002
0.000002
0.000002
0.000002
0.000002
0.000001
0.000002
0.000002
0.000002
0.000002
0.000002
0.000002
0.000001
0.000001
0.000001
0.000002
0.000001
0.000001
0.000002
0.000001
0.000002
0.000001
0.000002
0.000001
0.000001
0.000002
0.000001
0.000001
0.000002
0.000001
0.000002
0.000001
0.000002
0.000002
0.000002
0.000001
0.000001
0.000001
0.000002
0.000001
0.000002
0.000002
0.000002
0.000002
0.000002
0.000002
0.000004
0.000002
0.000002
0.000001
0.000001
0.000002
0.000001
0.000001
0.000002
0.000001
0.000001
