0.000002
0.000027
0.000031
0.000040
0.000046
0.000056
0.000060
0.000086
0.000068
0.000077
0.000084
0.000088
0.000095
0.000097
0.000105
0.000108
0.000116
0.000121
0.000124
0.000131
0.000135
0.000144
0.000146
0.000220
0.000154
0.000166
0.000167
0.000174
0.000181
0.000182
0.000191
0.000202
0.000200
0.000206
0.000215
0.000216
0.000221
0.000228
0.000232
0.000354
0.000239
0.000250
0.000251
0.000258
0.000378
0.000272
0.000275
0.000279
0.000285
0.000309
0.000295
0.000300
0.000307
0.000314
0.000316
0.000487
0.000332
0.000336
0.000337
0.000345
0.000347
0.000353
0.000360
0.000363
0.000370
0.000378
0.000377
0.000385
0.000392
0.000398
0.000401
0.000622
0.000408
0.000420
0.000430
0.000429
0.000432
0.000438
0.000512
0.000861
0.000456
0.000462
0.000463
0.000469
0.000484
0.000482
0.000485
0.000754
0.001053
0.000512
0.000508
0.000515
0.000522
0.000521
0.000531
0.000533
0.000552
0.000545
0.000554
0.000602
